    0.000000e+00    1.0000000000e+00    0.0000000000e+00    0.0000000000e+00    0.0000000000e+00    0.0000000000e+00    0.0000000000e+00    0.0000000000e+00
    8.268200e+01    9.9885325351e-01    1.0905900937e-03    4.3350472304e-06    4.9469604792e-06    6.3819455618e-06    2.6603760422e-05    1.3888684270e-05
    1.653640e+02    9.9542438320e-01    4.3509315704e-03    1.7840559187e-05    1.9866672587e-05    2.5659765046e-05    1.0601486951e-04    5.5303359442e-05
    2.480460e+02    9.8974631178e-01    9.7478849402e-03    4.2006024058e-05    4.4997992265e-05    5.8231197985e-05    2.3705969792e-04    1.2350836798e-04
    3.307280e+02    9.8187194679e-01    1.7228147576e-02    7.9266887916e-05    8.0739246686e-05    1.0475437684e-04    4.1783041323e-04    2.1731470765e-04
    4.134100e+02    9.7187299121e-01    2.6719474190e-02    1.3292793426e-04    1.2764117017e-04    1.6613128929e-04    6.4572121977e-04    3.3511298158e-04
    4.960920e+02    9.5983881155e-01    3.8131872163e-02    2.0705836907e-04    1.8639503765e-04    2.4348309713e-04    9.1746832694e-04    4.7491145865e-04
    5.787740e+02    9.4587524247e-01    5.1358882744e-02    3.0636320098e-04    2.5781645637e-04    3.3811907309e-04    1.2291963256e-03    6.3437973145e-04
    6.614560e+02    9.3010329487e-01    6.6278974484e-02    4.3603562555e-04    3.4282479710e-04    4.5150050669e-04    1.5764719100e-03    8.1089780582e-04
    7.441380e+02    9.1265776408e-01    8.2757046410e-02    6.0159543117e-04    4.4241823210e-04    5.8520100284e-04    1.9543648642e-03    1.0016099785e-03
    8.268200e+02    8.9368574647e-01    1.0064602769e-01    8.0871836182e-04    5.5764445962e-04    7.4086453795e-04    2.3575159279e-03    1.2034825604e-03
    9.095020e+02    8.7334507775e-01    1.1978855565e-01    1.0630614092e-03    6.8956723679e-04    9.2016265602e-04    2.7802108681e-03    1.4133644242e-03
    9.921840e+02    8.5180270882e-01    1.4001871199e-01    1.3700888801e-03    8.3922896577e-04    1.1247520269e-03    3.2164601024e-03    1.6280492151e-03
    1.074866e+03    8.2923303593e-01    1.6116379574e-01    1.7349039544e-03    1.0076097952e-03    1.3562331963e-03    3.6600833485e-03    1.8443380313e-03
    1.157548e+03    8.0581620303e-01    1.8304611195e-01    2.1620899276e-03    1.1955840062e-03    1.6161114469e-03    4.1047983066e-03    2.0591013278e-03
    1.240230e+03    7.8173639371e-01    2.0548475474e-01    2.6555653084e-03    1.4038744669e-03    1.9057605174e-03    4.5443122262e-03    2.2693390296e-03
    1.322912e+03    7.5718013038e-01    2.2829736449e-01    3.2184560560e-03    1.6330063770e-03    2.2263898005e-03    4.9724149653e-03    2.4722379322e-03
    1.405594e+03    7.3233459744e-01    2.5130184012e-01    3.8529881292e-03    1.8832613462e-03    2.5790155091e-03    5.3830724747e-03    2.6652249842e-03
    1.488276e+03    7.0738600461e-01    2.7431798878e-01    4.5604026485e-03    2.1546331934e-03    2.9644356650e-03    5.7705195158e-03    2.8460155905e-03
    1.570958e+03    6.8251800548e-01    2.9716909712e-01    5.3408954007e-03    2.4467869130e-03    3.3832094168e-03    6.1293495388e-03    3.0126561326e-03
    1.653640e+03    6.5791018513e-01    3.1968341015e-01    6.1935814379e-03    2.7590229987e-03    3.8356399990e-03    6.4546004471e-03    3.1635598372e-03
    1.736322e+03    6.3373662959e-01    3.4169550548e-01    7.1164846591e-03    3.0902487321e-03    4.3217610325e-03    6.7418353499e-03    3.2975351587e-03
    1.819004e+03    6.1016458803e-01    3.6304755318e-01    8.1065526268e-03    3.4389576304e-03    4.8413260162e-03    6.9872166954e-03    3.4138058174e-03
    1.901686e+03    5.8735323769e-01    3.8359045309e-01    9.1596956904e-03    3.8032185254e-03    5.3938005711e-03    7.1875722474e-03    3.5120221867e-03
    1.984368e+03    5.6545255939e-01    4.0318484382e-01    1.0270848546e-02    4.1806760623e-03    5.9783566364e-03    7.3404517556e-03    3.5922637945e-03
    2.067050e+03    5.4460233043e-01    4.2170197954e-01    1.1434051846e-02    4.5685639417e-03    6.5938680074e-03    7.4441732096e-03    3.6550330188e-03
    2.149732e+03    5.2493123979e-01    4.3902447262e-01    1.2642551789e-02    4.9637311547e-03    7.2389070652e-03    7.4978575662e-03    3.7012400163e-03
    2.232414e+03    5.0655612910e-01    4.5504690179e-01    1.3888915020e-02    5.3626813855e-03    7.9117425078e-03    7.5014510934e-03    3.7321791003e-03
    2.315096e+03    4.8958136154e-01    4.6967628752e-01    1.5165155551e-02    5.7616258523e-03    8.6103378082e-03    7.4557346393e-03    3.7494970834e-03
    2.397778e+03    4.7409831912e-01    4.8283243734e-01    1.6462870461e-02    6.1565492586e-03    9.3323502854e-03    7.3623193678e-03    3.7551541703e-03
    2.480460e+03    4.6018502762e-01    4.9444816551e-01    1.7773381107e-02    6.5432877679e-03    1.0075130766e-02    7.2236290280e-03    3.7513781982e-03
    2.563142e+03    4.4790590733e-01    5.0446939241e-01    1.9087876541e-02    6.9176174672e-03    1.0835724126e-02    7.0428688681e-03    3.7406132665e-03
    2.645824e+03    4.3731164621e-01    5.1285512988e-01    2.0397555808e-02    7.2753515085e-03    1.1610871418e-02    6.8239812824e-03    3.7254638878e-03
    2.728506e+03    4.2843919162e-01    5.1957735980e-01    2.1693766432e-02    7.6124433153e-03    1.2397014016e-02    6.5715888738e-03    3.7086359405e-03
    2.811188e+03    4.2131185517e-01    5.2462081338e-01    2.2968136105e-02    7.9250933942e-03    1.3190300398e-02    6.2909258047e-03    3.6928757493e-03
    2.893870e+03    4.1593952508e-01    5.2798265947e-01    2.4212695002e-02    8.2098567767e-03    1.3986596528e-02    5.9877584849e-03    3.6809086556e-03
    2.976552e+03    4.1231897935e-01    5.2967211011e-01    2.5419986567e-02    8.4637479596e-03    1.4781500697e-02    5.6682968186e-03    3.6753784952e-03
    3.059234e+03    4.1043429255e-01    5.2970995183e-01    2.6583164919e-02    8.6843403141e-03    1.5570363437e-02    5.3390976236e-03    3.6787893276e-03
    3.141916e+03    4.1025732874e-01    5.2812801111e-01    2.7696077526e-02    8.8698567004e-03    1.6348313328e-02    5.0069618440e-03    3.6934507546e-03
    3.224598e+03    4.1174831242e-01    5.2496856242e-01    2.8753332160e-02    9.0192484406e-03    1.7110289274e-02    4.6788272159e-03    3.7214280685e-03
    3.307280e+03    4.1485646951e-01    5.2028368672e-01    2.9750347475e-02    9.1322597975e-03    1.7851079911e-02    4.3616582154e-03    3.7644983653e-03
    3.389962e+03    4.1952072987e-01    5.1413458836e-01    3.0683387010e-02    9.2094754242e-03    1.8565370551e-02    4.0623351725e-03    3.8241136175e-03
    3.472644e+03    4.2567048306e-01    5.0659087764e-01    3.1549576829e-02    9.2523487418e-03    1.9247797754e-02    3.7875444579e-03    3.9013715185e-03
    3.555326e+03    4.3322637906e-01    4.9772982618e-01    3.2346907318e-02    9.2632097333e-03    1.9893011385e-02    3.5436716213e-03    3.9969947061e-03
    3.638008e+03    4.4210116559e-01    4.8763560141e-01    3.3074220007e-02    9.2452511808e-03    2.0495743737e-02    3.3366992902e-03    4.1113187805e-03
    3.720690e+03    4.5220055413e-01    4.7639848651e-01    3.3731180560e-02    9.2024929674e-03    2.1050884996e-02    3.1721115269e-03    4.2442893107e-03
    3.803372e+03    4.6342410668e-01    4.6411409120e-01    3.4318239322e-02    9.1397246714e-03    2.1553564099e-02    3.0548062198e-03    4.3954678083e-03
    3.886054e+03    4.7566613588e-01    4.5088255875e-01    3.4836580994e-02    9.0624273362e-03    2.1999233682e-02    2.9890169318e-03    4.5640464179e-03
    3.968736e+03    4.8881661121e-01    4.3680777384e-01    3.5288065158e-02    8.9766759113e-03    2.2383757573e-02    2.9782454464e-03    4.7488708560e-03
    4.051418e+03    5.0276206442e-01    4.2199657562e-01    3.5675159464e-02    8.8890244264e-03    2.2703499092e-02    3.0252060464e-03    4.9484709347e-03
    4.134100e+03    5.1738648780e-01    4.0655798002e-01    3.6000867325e-02    8.8063765058e-03    2.2955408175e-02    3.1317823401e-03    5.1610978353e-03
    4.216782e+03    5.3257221926e-01    3.9060241490e-01    3.6268651962e-02    8.7358442876e-03    2.3137105231e-02    3.2989972363e-03    5.3847671182e-03
    4.299464e+03    5.4820080853e-01    3.7424097134e-01    3.6482358627e-02    8.6845991646e-03    2.3246959558e-02    3.5269964435e-03    5.6173063357e-03
    4.382146e+03    5.6415385935e-01    3.5758467419e-01    3.6646136698e-02    8.6597180353e-03    2.3284160119e-02    3.8150455950e-03    5.8564060164e-03
    4.464828e+03    5.8031384298e-01    3.4074377471e-01    3.6764363265e-02    8.6680289307e-03    2.3248776514e-02    4.1615408729e-03    6.0996727336e-03
    4.547510e+03    5.9656487865e-01    3.2382706791e-01    3.6841569640e-02    8.7159599306e-03    2.3141808122e-02    4.5640328332e-03    6.3446829146e-03
    4.630192e+03    6.1279347708e-01    3.0694123713e-01    3.6882372056e-02    8.8093952177e-03    2.2965219544e-02    5.0192629004e-03    6.5890360736e-03
    4.712874e+03    6.2888924368e-01    2.9019022802e-01    3.6891407628e-02    8.9535419486e-03    2.2721960723e-02    5.5232117858e-03    6.8304062111e-03
    4.795556e+03    6.4474553840e-01    2.7367465433e-01    3.6873276453e-02    9.1528113397e-03    2.2415970422e-02    6.0711589179e-03    7.0665901357e-03
    4.878238e+03    6.6026008955e-01    2.5749123742e-01    3.6832490525e-02    9.4107169856e-03    2.2052162091e-02    6.6577518126e-03    7.2955516155e-03
    4.960920e+03    6.7533555952e-01    2.4173228153e-01    3.6773429891e-02    9.7297929597e-03    2.1636391524e-02    7.2770841784e-03    7.5154603962e-03
    5.043602e+03    6.8988006047e-01    2.2648518664e-01    3.6700306297e-02    1.0111533725e-02    2.1175406156e-02    7.9227814404e-03    7.7247252626e-03
    5.126284e+03    7.0380761851e-01    2.1183200080e-01    3.6617134370e-02    1.0556357311e-02    2.0676776238e-02    8.5880922746e-03    7.9220204920e-03
    5.208966e+03    7.1703858535e-01    1.9784901336e-01    3.6527710171e-02    1.1063592586e-02    2.0148808632e-02    9.2659846717e-03    8.1063052321e-03
    5.291648e+03    7.2949999658e-01    1.8460639088e-01    3.6435596826e-02    1.1631490819e-02    1.9600444341e-02    9.9492450297e-03    8.2768355263e-03
    5.374330e+03    7.4112587623e-01    1.7216785692e-01    3.6344116757e-02    1.2257261088e-02    1.9041141327e-02    1.0630578767e-02    8.4331689094e-03
    5.457012e+03    7.5185748738e-01    1.6059041703e-01    3.6256349935e-02    1.2937128455e-02    1.8480744554e-02    1.1302710957e-02    8.5751616895e-03
    5.539694e+03    7.6164352899e-01    1.4992413004e-01    3.6175137448e-02    1.3666413279e-02    1.7929345523e-02    1.1958485495e-02    8.7029592306e-03
    5.622376e+03    7.7044027957e-01    1.4021192635e-01    3.6103089631e-02    1.4439629494e-02    1.7397133898e-02    1.2590961364e-02    8.8169796896e-03
    5.705058e+03    7.7821168821e-01    1.3148947411e-01    3.6042597924e-02    1.5250599268e-02    1.6894243997e-02    1.3193504652e-02    8.9178918414e-03
    5.787740e+03    7.8492941399e-01    1.2378509348e-01    3.5995849605e-02    1.6092581031e-02    1.6430599129e-02    1.3759874989e-02    9.0065877748e-03
    5.870422e+03    7.9057281518e-01    1.1711971926e-01    3.5964844541e-02    1.6958407580e-02    1.6015756807e-02    1.4284305357e-02    9.0841512795e-03
    5.953104e+03    7.9512888937e-01    1.1150691171e-01    3.5951413129e-02    1.7840630797e-02    1.5658757917e-02    1.4761574147e-02    9.1518229351e-03
    6.035786e+03    7.9859216654e-01    1.0695291516e-01    3.5957234604e-02    1.8731669408e-02    1.5367982821e-02    1.5187068581e-02    9.2109628945e-03
    6.118468e+03    8.0096455666e-01    1.0345676371e-01    3.5983854973e-02    1.9623956257e-02    1.5151017289e-02    1.5556838804e-02    9.2630123103e-03
    6.201150e+03    8.0225515412e-01    1.0101043297e-01    3.6032703906e-02    2.0510081622e-02    1.5014530906e-02    1.5867642020e-02    9.3094544482e-03
    6.283832e+03    8.0248000114e-01    9.9599036488e-02    3.6105109972e-02    2.1382929415e-02    1.4964170362e-02    1.6116976144e-02    9.3517764834e-03
    6.366514e+03    8.0166181253e-01    9.9201065194e-02    3.6202313727e-02    2.2235803219e-02    1.5004469693e-02    1.6303102693e-02    9.3914329464e-03
    6.449196e+03    7.9982966461e-01    9.9788667947e-02    3.6325478253e-02    2.3062539510e-02    1.5138779205e-02    1.6425058761e-02    9.4298117129e-03
    6.531878e+03    7.9701865076e-01    1.0132797077e-01    3.6475696863e-02    2.3857605864e-02    1.5369214399e-02    1.6482658092e-02    9.4682032530e-03
    6.614560e+03    7.9326950656e-01    1.0377943230e-01    3.6653997795e-02    2.4616182415e-02    1.5696625739e-02    1.6476481415e-02    9.5077737775e-03
    6.697242e+03    7.8862820761e-01    1.0709823247e-01    3.6861345808e-02    2.5334225270e-02    1.6120589613e-02    1.6407856404e-02    9.5495428240e-03
    6.779924e+03    7.8314554285e-01    1.1123469143e-01    3.7098640734e-02    2.6008511042e-02    1.6639420568e-02    1.6278827642e-02    9.5943657296e-03
    6.862606e+03    7.7687666675e-01    1.1613471522e-01    3.7366713091e-02    2.6636662243e-02    1.7250204248e-02    1.6092117248e-02    9.6429211916e-03
    6.945288e+03    7.6988063353e-01    1.2174026465e-01    3.7666316999e-02    2.7217153816e-02    1.7948850145e-02    1.5851076892e-02    9.6957039643e-03
    7.027970e+03    7.6221991660e-01    1.2798984367e-01    3.7998120695e-02    2.7749301483e-02    1.8730162901e-02    1.5559631979e-02    9.7530226645e-03
    7.110652e+03    7.5395991665e-01    1.3481900336e-01    3.8362695032e-02    2.8233232972e-02    1.9587930528e-02    1.5222218932e-02    9.8150025249e-03
    7.193334e+03    7.4516846165e-01    1.4216085739e-01    3.8760500385e-02    2.8669843657e-02    2.0515027535e-02    1.4843716589e-02    9.8815927985e-03
    7.276016e+03    7.3591530203e-01    1.4994660512e-01    3.9191872464e-02    2.9060738383e-02    2.1503530686e-02    1.4429372911e-02    9.9525784114e-03
    7.358698e+03    7.2627160447e-01    1.5810605802e-01    3.9657007537e-02    2.9408161554e-02    2.2544845012e-02    1.3984728028e-02    1.0027595371e-02
    7.441380e+03    7.1630944746e-01    1.6656816548e-01    4.0155947598e-02    2.9714917747e-02    2.3629837545e-02    1.3515534818e-02    1.0106149358e-02
    7.524062e+03    7.0610132175e-01    1.7526153583e-01    4.0688566022e-02    2.9984285208e-02    2.4748976088e-02    1.3027678227e-02    1.0187636877e-02
    7.606744e+03    6.9571963905e-01    1.8411494886e-01    4.1254554232e-02    3.0219924672e-02    2.5892470363e-02    1.2527094542e-02    1.0271368277e-02
    7.689426e+03    6.8523625177e-01    1.9305785573e-01    4.1853409883e-02    3.0425785916e-02    2.7050412911e-02    1.2019691809e-02    1.0356591975e-02
    7.772108e+03    6.7472198681e-01    2.0202086285e-01    4.2484427040e-02    3.0606014309e-02    2.8212917223e-02    1.1511272547e-02    1.0442519229e-02
    7.854790e+03    6.6424619612e-01    2.1093619616e-01    4.3146688769e-02    3.0764859582e-02    2.9370250730e-02    1.1007459859e-02    1.0528348773e-02
    7.937472e+03    6.5387632682e-01    2.1973814272e-01    4.3839062514e-02    3.0906588792e-02    3.0512960501e-02    1.0513627978e-02    1.0613290676e-02
    8.020154e+03    6.4367751301e-01    2.2836346642e-01    4.4560198563e-02    3.1035405251e-02    3.1631989718e-02    1.0034838170e-02    1.0696588867e-02
    8.102836e+03    6.3371219194e-01    2.3675179542e-01    4.5308531832e-02    3.1155374865e-02    3.2718783259e-02    9.5757808739e-03    1.0777541808e-02
    8.185518e+03    6.2403974628e-01    2.4484597876e-01    4.6082287141e-02    3.1270361096e-02    3.3765381047e-02    9.1407247809e-03    1.0855520898e-02
    8.268200e+03    6.1471617458e-01    2.5259241017e-01    4.6879488025e-02    3.1383969428e-02    3.4764498090e-02    8.7334734849e-03    1.0929986226e-02
    8.350882e+03    6.0579379149e-01    2.5994131738e-01    4.7697969120e-02    3.1499501927e-02    3.5709590491e-02    8.3573301769e-03    1.1000499420e-02
    8.433564e+03    5.9732095915e-01    2.6684701558e-01    4.8535391992e-02    3.1619922167e-02    3.6594906984e-02    8.0150707288e-03    1.1066733397e-02
    8.516246e+03    5.8934185099e-01    2.7326812401e-01    4.9389264280e-02    3.1747830536e-02    3.7415525899e-02    7.7089253659e-03    1.1128478910e-02
    8.598928e+03    5.8189624888e-01    2.7916774503e-01    5.0256961890e-02    3.1885449604e-02    3.8167377725e-02    7.4405689837e-03    1.1185647887e-02
    8.681610e+03    5.7501937425e-01    2.8451360536e-01    5.1135753933e-02    3.2034619052e-02    3.8847253731e-02    7.2111200236e-03    1.1238273648e-02
    8.764292e+03    5.6874175377e-01    2.8927815962e-01    5.2022830040e-02    3.2196799431e-02    3.9452801321e-02    7.0211476799e-03    1.1286508133e-02
    8.846974e+03    5.6308911973e-01    2.9343865634e-01    5.2915329607e-02    3.2373083850e-02    3.9982507027e-02    6.8706870803e-03    1.1330616359e-02
    8.929656e+03    5.5808234503e-01    2.9697716731e-01    5.3810372515e-02    3.2564216587e-02    4.0435668231e-02    6.7592619555e-03    1.1370968367e-02
    9.012338e+03    5.5373741261e-01    2.9988058112e-01    5.4705090793e-02    3.2770617475e-02    4.0812354839e-02    6.6859141993e-03    1.1408028960e-02
    9.095020e+03    5.5006541878e-01    3.0214056213e-01    5.5596660695e-02    3.2992410912e-02    4.1113362252e-02    6.6492396195e-03    1.1442345610e-02
    9.177702e+03    5.4707260962e-01    3.0375347645e-01    5.6482334649e-02    3.3229458278e-02    4.1340157040e-02    6.6474290922e-03    1.1474534877e-02
    9.260384e+03    5.4476044966e-01    3.0472028644e-01    5.7359472509e-02    3.3481392610e-02    4.1494816770e-02    6.6783142596e-03    1.1505267744e-02
    9.343066e+03    5.4312572156e-01    3.0504641589e-01    5.8225571587e-02    3.3747654404e-02    4.1579965440e-02    6.7394168592e-03    1.1535254265e-02
    9.425748e+03    5.4216065542e-01    3.0474158760e-01    5.9078294931e-02    3.4027527505e-02    4.1598705925e-02    6.8280007332e-03    1.1565227886e-02
    9.508430e+03    5.4185308633e-01    3.0381963594e-01    5.9915497369e-02    3.4320174152e-02    4.1554550830e-02    6.9411255512e-03    1.1595929835e-02
    9.591112e+03    5.4218663832e-01    3.0229829626e-01    6.0735248869e-02    3.4624668362e-02    4.1451353004e-02    7.0757012774e-03    1.1628093908e-02
    9.673794e+03    5.4314093295e-01    3.0019897395e-01    6.1535854818e-02    3.4940026965e-02    4.1293236917e-02    7.2285424328e-03    1.1662431968e-02
    9.756476e+03    5.4469182050e-01    2.9754649521e-01    6.2315872892e-02    3.5265237749e-02    4.1084531973e-02    7.3964212369e-03    1.1699620448e-02
    9.839158e+03    5.4681163172e-01    2.9436884221e-01    6.3074126241e-02    3.5599284310e-02    4.0829708675e-02    7.5761187660e-03    1.1740288082e-02
    9.921840e+03    5.4946944800e-01    2.9069687500e-01    6.3809712784e-02    3.5941167338e-02    4.0533318472e-02    7.7644733319e-03    1.1785005076e-02
    1.000452e+04    5.5263138755e-01    2.8656404258e-01    6.4522010507e-02    3.6289922220e-02    4.0199937918e-02    7.9584253644e-03    1.1834273860e-02
    1.008720e+04    5.5626090540e-01    2.8200608558e-01    6.5210678695e-02    3.6644632937e-02    3.9834117683e-02    8.1550581705e-03    1.1888521543e-02
    1.016989e+04    5.6031910483e-01    2.7706073271e-01    6.5875655132e-02    3.7004442370e-02    3.9440336783e-02    8.3516340453e-03    1.1948094128e-02
    1.025257e+04    5.6476505779e-01    2.7176739353e-01    6.6517149380e-02    3.7368559197e-02    3.9022962274e-02    8.5456253145e-03    1.2013252517e-02
    1.033525e+04    5.6955613195e-01    2.6616684927e-01    6.7135632290e-02    3.7736261665e-02    3.8586214537e-02    8.7347400002e-03    1.2084170290e-02
    1.041793e+04    5.7464832201e-01    2.6030094416e-01    6.7731821999e-02    3.8106898551e-02    3.8134138167e-02    8.9169419105e-03    1.2160933202e-02
    1.050061e+04    5.7999658286e-01    2.5421227896e-01    6.8306666715e-02    3.8479887710e-02    3.7670578346e-02    9.0904650758e-03    1.2243540332e-02
    1.058330e+04    5.8555516234e-01    2.4794390858e-01    6.8861324637e-02    3.8854712585e-02    3.7199162522e-02    9.2538225715e-03    1.2331906761e-02
    1.066598e+04    5.9127793126e-01    2.4153904561e-01    6.9397141405e-02    3.9230917105e-02    3.6723287120e-02    9.4058098506e-03    1.2425867655e-02
    1.074866e+04    5.9711870853e-01    2.3504077118e-01    6.9915625541e-02    3.9608099364e-02    3.6246108970e-02    9.5455028194e-03    1.2525183599e-02
    1.083134e+04    6.0303157937e-01    2.2849175479e-01    7.0418422318e-02    3.9985904463e-02    3.5770541061e-02    9.6722509765e-03    1.2629547022e-02
    1.091402e+04    6.0897120438e-01    2.2193398442e-01    7.0907286553e-02    4.0364016878e-02    3.5299252212e-02    9.7856660216e-03    1.2738589539e-02
    1.099671e+04    6.1489311780e-01    2.1540850808e-01    7.1384054805e-02    4.0742152676e-02    3.4834670204e-02    9.8856064029e-03    1.2851890032e-02
    1.107939e+04    6.2075401300e-01    2.0895518814e-01    7.1850617475e-02    4.1120051847e-02    3.4378987926e-02    9.9721583334e-03    1.2968983274e-02
    1.116207e+04    6.2651201364e-01    2.0261246926e-01    7.2308891258e-02    4.1497471001e-02    3.3934172060e-02    1.0045613844e-02    1.3089368937e-02
    1.124475e+04    6.3212692886e-01    1.9641716099e-01    7.2760792419e-02    4.1874176609e-02    3.3501973848e-02    1.0106446473e-02    1.3212520796e-02
    1.132743e+04    6.3756049125e-01    1.9040423585e-01    7.3208211303e-02    4.2249938939e-02    3.3083941488e-02    1.0155285209e-02    1.3337895963e-02
    1.141012e+04    6.4277657622e-01    1.8460664355e-01    7.3652988443e-02    4.2624526805e-02    3.2681433697e-02    1.0192887304e-02    1.3464943987e-02
    1.149280e+04    6.4774140171e-01    1.7905514216e-01    7.4096892639e-02    4.2997703122e-02    3.2295634102e-02    1.0220110579e-02    1.3593115690e-02
    1.157548e+04    6.5242370739e-01    1.7377814662e-01    7.4541601241e-02    4.3369221339e-02    3.1927566030e-02    1.0237885795e-02    1.3721871580e-02
    1.165816e+04    6.5679491242e-01    1.6880159518e-01    7.4988682918e-02    4.3738822768e-02    3.1578107335e-02    1.0247189651e-02    1.3850689735e-02
    1.174084e+04    6.6082925120e-01    1.6414883409e-01    7.5439583039e-02    4.4106234775e-02    3.1248004944e-02    1.0249018909e-02    1.3979073038e-02
    1.182353e+04    6.6450388676e-01    1.5984052099e-01    7.5895611821e-02    4.4471169788e-02    3.0937888842e-02    1.0244366113e-02    1.4106555690e-02
    1.190621e+04    6.6779900126e-01    1.5589454696e-01    7.6357935264e-02    4.4833325080e-02    3.0648285228e-02    1.0234197300e-02    1.4232708909e-02
    1.198889e+04    6.7069786367e-01    1.5232597772e-01    7.6827568896e-02    4.5192383244e-02    3.0379628659e-02    1.0219432039e-02    1.4357145772e-02
    1.207157e+04    6.7318687449e-01    1.4914701374e-01    7.7305374260e-02    4.5548013333e-02    3.0132272972e-02    1.0200926072e-02    1.4479525138e-02
    1.215425e+04    6.7525558778e-01    1.4636696935e-01    7.7792058031e-02    4.5899872577e-02    2.9906500863e-02    1.0179456766e-02    1.4599554632e-02
    1.223694e+04    6.7689671076e-01    1.4399227080e-01    7.8288173626e-02    4.6247608643e-02    2.9702532009e-02    1.0155711497e-02    1.4716992662e-02
    1.231962e+04    6.7810608151e-01    1.4202647285e-01    7.8794125095e-02    4.6590862351e-02    2.9520529667e-02    1.0130279034e-02    1.4831649496e-02
    1.240230e+04    6.7888262525e-01    1.4047029379e-01    7.9310173087e-02    4.6929270832e-02    2.9360605715e-02    1.0103643932e-02    1.4943387393e-02
    1.248498e+04    6.7922829015e-01    1.3932166836e-01    7.9836442611e-02    4.7262471061e-02    2.9222824139e-02    1.0076183854e-02    1.5052119820e-02
    1.256766e+04    6.7914796333e-01    1.3857581808e-01    8.0372932319e-02    4.7590103751e-02    2.9107202997e-02    1.0048169716e-02    1.5157809800e-02
    1.265035e+04    6.7864936825e-01    1.3822533833e-01    8.0919525028e-02    4.7911817556e-02    2.9013714933e-02    1.0019768466e-02    1.5260467444e-02
    1.273303e+04    6.7774294438e-01    1.3826030154e-01    8.1475999178e-02    4.8227273547e-02    2.8942286336e-02    9.9910482887e-03    1.5360146730e-02
    1.281571e+04    6.7644171066e-01    1.3866837563e-01    8.2042040940e-02    4.8536149907e-02    2.8892795266e-02    9.9619859811e-03    1.5456941618e-02
    1.289839e+04    6.7476111370e-01    1.3943495673e-01    8.2617256676e-02    4.8838146818e-02    2.8865068314e-02    9.9324761961e-03    1.5550981572e-02
    1.298107e+04    6.7271886243e-01    1.4054331521e-01    8.3201185488e-02    4.9132991455e-02    2.8858876555e-02    9.9023422594e-03    1.5642426603e-02
    1.306376e+04    6.7033475053e-01    1.4197475387e-01    8.3793311595e-02    4.9420443058e-02    2.8873930803e-02    9.8713482230e-03    1.5731461927e-02
    1.314644e+04    6.6763046808e-01    1.4370877709e-01    8.4393076305e-02    4.9700297984e-02    2.8909876378e-02    9.8392118248e-03    1.5818292335e-02
    1.322912e+04    6.6462940424e-01    1.4572326967e-01    8.4999889384e-02    4.9972394675e-02    2.8966287609e-02    9.8056180169e-03    1.5903136405e-02
    1.331180e+04    6.6135644231e-01    1.4799468390e-01    8.5613139650e-02    5.0236618433e-02    2.9042662309e-02    9.7702327356e-03    1.5986220660e-02
    1.339448e+04    6.5783774903e-01    1.5049823358e-01    8.6232204641e-02    5.0492905911e-02    2.9138416453e-02    9.7327165955e-03    1.6067773787e-02
    1.347717e+04    6.5410055961e-01    1.5320809338e-01    8.6856459264e-02    5.0741249207e-02    2.9252879310e-02    9.6927382089e-03    1.6148021029e-02
    1.355985e+04    6.5017296021e-01    1.5609760204e-01    8.7485283341e-02    5.0981699457e-02    2.9385289235e-02    9.6499868578e-03    1.6227178860e-02
    1.364253e+04    6.4608366953e-01    1.5913946797e-01    8.8118068027e-02    5.1214369808e-02    2.9534790365e-02    9.6041842682e-03    1.6305450028e-02
    1.372521e+04    6.4186182103e-01    1.6230597551e-01    8.8754221073e-02    5.1439437661e-02    2.9700430389e-02    9.5550952709e-03    1.6383019069e-02
    1.380789e+04    6.3753674744e-01    1.6556919036e-01    8.9393170987e-02    5.1657146076e-02    2.9881159598e-02    9.5025371659e-03    1.6460048374e-02
    1.389058e+04    6.3313776900e-01    1.6890116277e-01    9.0034370112e-02    5.1867804255e-02    3.0075831354e-02    9.4463876397e-03    1.6536674866e-02
    1.397326e+04    6.2869398699e-01    1.7227412671e-01    9.0677296714e-02    5.2071787008e-02    3.0283204092e-02    9.3865911248e-03    1.6613007360e-02
    1.405594e+04    6.2423408379e-01    1.7566069378e-01    9.1321456155e-02    5.2269533148e-02    3.0501944962e-02    9.3231635232e-03    1.6689124640e-02
    1.413862e+04    6.1978613095e-01    1.7903404031e-01    9.1966381279e-02    5.2461542776e-02    3.0730635142e-02    9.2561952531e-03    1.6765074283e-02
    1.422130e+04    6.1537740634e-01    1.8236808642e-01    9.2611632116e-02    5.2648373425e-02    3.0967776853e-02    9.1858526135e-03    1.6840872241e-02
    1.430399e+04    6.1103422154e-01    1.8563766564e-01    9.3256795039e-02    5.2830635078e-02    3.1211802033e-02    9.1123774901e-03    1.6916503178e-02
    1.438667e+04    6.0678176060e-01    1.8881868417e-01    9.3901481506e-02    5.3008984108e-02    3.1461082610e-02    9.0360854620e-03    1.6991921539e-02
    1.446935e+04    6.0264393083e-01    1.9188826848e-01    9.4545326516e-02    5.3184116196e-02    3.1713942273e-02    8.9573623907e-03    1.7067053317e-02
    1.455203e+04    5.9864322664e-01    1.9482490050e-01    9.5187986894e-02    5.3356758322e-02    3.1968669582e-02    8.8766596026e-03    1.7141798461e-02
    1.463471e+04    5.9480060701e-01    1.9760853956e-01    9.5829139541e-02    5.3527659966e-02    3.2223532260e-02    8.7944877946e-03    1.7216033868e-02
    1.471740e+04    5.9113538709e-01    2.0022073039e-01    9.6468479741e-02    5.3697583653e-02    3.2476792439e-02    8.7114098103e-03    1.7289616885e-02
    1.480008e+04    5.8766514438e-01    2.0264469667e-01    9.7105719623e-02    5.3867295038e-02    3.2726722632e-02    8.6280324525e-03    1.7362389212e-02
    1.488276e+04    5.8440563989e-01    2.0486541974e-01    9.7740586857e-02    5.4037552702e-02    3.2971622180e-02    8.5449975036e-03    1.7434181126e-02
    1.496544e+04    5.8137075432e-01    2.0686970221e-01    9.8372823649e-02    5.4209097855e-02    3.3209833904e-02    8.4629721359e-03    1.7504815925e-02
    1.504812e+04    5.7857243934e-01    2.0864621635e-01    9.9002186073e-02    5.4382644196e-02    3.3439760666e-02    8.3826388976e-03    1.7574114475e-02
    1.513081e+04    5.7602068401e-01    2.1018553732e-01    9.9628443774e-02    5.4558868103e-02    3.3659881567e-02    8.3046854593e-03    1.7641899761e-02
    1.521349e+04    5.7372349608e-01    2.1148016133e-01    1.0025138005e-01    5.4738399404e-02    3.3868767486e-02    8.2297943036e-03    1.7708001343e-02
    1.529617e+04    5.7168689789e-01    2.1252450907e-01    1.0087079230e-01    5.4921812894e-02    3.4065095699e-02    8.1586325366e-03    1.7772259605e-02
    1.537885e+04    5.6991493653e-01    2.1331491477e-01    1.0148649286e-01    5.5109620800e-02    3.4247663338e-02    8.0918419878e-03    1.7834529708e-02
    1.546153e+04    5.6840970773e-01    2.1384960146e-01    1.0209831010e-01    5.5302266353e-02    3.4415399427e-02    8.0300297593e-03    1.7894685176e-02
    1.554422e+04    5.6717139300e-01    2.1412864290e-01    1.0270608980e-01    5.5500118626e-02    3.4567375304e-02    7.9737593674e-03    1.7952621010e-02
    1.562690e+04    5.6619830923e-01    2.1415391305e-01    1.0330969684e-01    5.5703468746e-02    3.4702813243e-02    7.9235426083e-03    1.8008256286e-02
    1.570958e+04    5.6548697017e-01    2.1392902382e-01    1.0390901686e-01    5.5912527572e-02    3.4821093139e-02    7.8798322627e-03    1.8061536169e-02
    1.579226e+04    5.6503215890e-01    2.1345925183e-01    1.0450395819e-01    5.6127424864e-02    3.4921757161e-02    7.8430157359e-03    1.8112433318e-02
    1.587494e+04    5.6482701048e-01    2.1275145525e-01    1.0509445364e-01    5.6348209972e-02    3.5004512287e-02    7.8134097126e-03    1.8160948654e-02
    1.595763e+04    5.6486310391e-01    2.1181398167e-01    1.0568046230e-01    5.6574853998e-02    3.5069230738e-02    7.7912558879e-03    1.8207111497e-02
    1.604031e+04    5.6513056239e-01    2.1065656784e-01    1.0626197122e-01    5.6807253360e-02    3.5115948299e-02    7.7767178135e-03    1.8250979076e-02
    1.612299e+04    5.6561816104e-01    2.0929023254e-01    1.0683899683e-01    5.7045234668e-02    3.5144860606e-02    7.7698788856e-03    1.8292635431e-02
    1.620567e+04    5.6631344096e-01    2.0772716339e-01    1.0741158614e-01    5.7288560769e-02    3.5156317495e-02    7.7707414745e-03    1.8332189770e-02
    1.628835e+04    5.6720282871e-01    2.0598059886e-01    1.0797981761e-01    5.7536937813e-02    3.5150815526e-02    7.7792271857e-03    1.8369774296e-02
    1.637104e+04    5.6827176017e-01    2.0406470631e-01    1.0854380168e-01    5.7790023161e-02    3.5128988852e-02    7.7951782203e-03    1.8405541602e-02
    1.645372e+04    5.6950480785e-01    2.0199445727e-01    1.0910368086e-01    5.8047433933e-02    3.5091598622e-02    7.8183597880e-03    1.8439661675e-02
    1.653640e+04    5.7088581049e-01    1.9978550084e-01    1.0965962945e-01    5.8308755985e-02    3.5039521117e-02    7.8484635125e-03    1.8472318606e-02
    1.661908e+04    5.7239800418e-01    1.9745403626e-01    1.1021185278e-01    5.8573553087e-02    3.4973734856e-02    7.8851117542e-03    1.8503707081e-02
    1.670176e+04    5.7402415393e-01    1.9501668553e-01    1.1076058603e-01    5.8841376094e-02    3.4895306908e-02    7.9278627652e-03    1.8534028749e-02
    1.678445e+04    5.7574668469e-01    1.9249036702e-01    1.1130609263e-01    5.9111771892e-02    3.4805378636e-02    7.9762165802e-03    1.8563488547e-02
    1.686713e+04    5.7754781116e-01    1.8989217096e-01    1.1184866222e-01    5.9384291912e-02    3.4705151140e-02    8.0296215403e-03    1.8592291063e-02
    1.694981e+04    5.7940966528e-01    1.8723923749e-01    1.1238860821e-01    5.9658500038e-02    3.4595870611e-02    8.0874813398e-03    1.8620637031e-02
    1.703249e+04    5.8131442076e-01    1.8454863811e-01    1.1292626506e-01    5.9933979721e-02    3.4478813837e-02    8.1491624814e-03    1.8648720027e-02
    1.711517e+04    5.8324441389e-01    1.8183726128e-01    1.1346198513e-01    6.0210340183e-02    3.4355274059e-02    8.2140020256e-03    1.8676723430e-02
    1.719786e+04    5.8518225976e-01    1.7912170262e-01    1.1399613541e-01    6.0487221591e-02    3.4226547389e-02    8.2813155153e-03    1.8704817716e-02
    1.728054e+04    5.8711096346e-01    1.7641816050e-01    1.1452909390e-01    6.0764299113e-02    3.4093919932e-02    8.3504049617e-03    1.8733158132e-02
    1.736322e+04    5.8901402551e-01    1.7374233731e-01    1.1506124600e-01    6.1041285817e-02    3.3958655791e-02    8.4205667812e-03    1.8761882792e-02
    1.744590e+04    5.9087554097e-01    1.7110934714e-01    1.1559298068e-01    6.1317934388e-02    3.3821986045e-02    8.4910995730e-03    1.8791111209e-02
    1.752858e+04    5.9268029193e-01    1.6853362996e-01    1.1612468666e-01    6.1594037691e-02    3.3685098816e-02    8.5613116403e-03    1.8820943299e-02
    1.761127e+04    5.9441383267e-01    1.6602887293e-01    1.1665674871e-01    6.1869428208e-02    3.3549130479e-02    8.6305281610e-03    1.8851458836e-02
    1.769395e+04    5.9606256745e-01    1.6360793887e-01    1.1718954388e-01    6.2143976450e-02    3.3415158063e-02    8.6980979237e-03    1.8882717369e-02
    1.777663e+04    5.9761382034e-01    1.6128280226e-01    1.1772343802e-01    6.2417588412e-02    3.3284192837e-02    8.7633995558e-03    1.8914758573e-02
    1.785931e+04    5.9905589707e-01    1.5906449297e-01    1.1825878244e-01    6.2690202219e-02    3.3157175092e-02    8.8258471811e-03    1.8947603021e-02
    1.794199e+04    6.0037813861e-01    1.5696304768e-01    1.1879591080e-01    6.2961784073e-02    3.3034970063e-02    8.8848954530e-03    1.8981253311e-02
    1.802468e+04    6.0157096637e-01    1.5498746920e-01    1.1933513631e-01    6.3232323680e-02    3.2918364967e-02    8.9400439252e-03    1.9015695538e-02
    1.810736e+04    6.0262591899e-01    1.5314569365e-01    1.1987674926e-01    6.3501829286e-02    3.2808067059e-02    8.9908407305e-03    1.9050901036e-02
    1.819004e+04    6.0353568069e-01    1.5144456544e-01    1.2042101483e-01    6.3770322505e-02    3.2704702652e-02    9.0368855507e-03    1.9086828340e-02
    1.827272e+04    6.0429410124e-01    1.4988982012e-01    1.2096817137e-01    6.4037833089e-02    3.2608816993e-02    9.0778318730e-03    1.9123425319e-02
    1.835540e+04    6.0489620763e-01    1.4848607475e-01    1.2151842896e-01    6.4304393801e-02    3.2520874907e-02    9.1133885379e-03    1.9160631411e-02
    1.843809e+04    6.0533820763e-01    1.4723682584e-01    1.2207196842e-01    6.4570035516e-02    3.2441262104e-02    9.1433205946e-03    1.9198379902e-02
    1.852077e+04    6.0561748532e-01    1.4614445460e-01    1.2262894062e-01    6.4834782713e-02    3.2370287052e-02    9.1674494898e-03    1.9236600203e-02
    1.860345e+04    6.0573258907e-01    1.4521023921e-01    1.2318946630e-01    6.5098649440e-02    3.2308183309e-02    9.1856526224e-03    1.9275220051e-02
    1.868613e+04    6.0568321190e-01    1.4443437399e-01    1.2375363609e-01    6.5361635878e-02    3.2255112229e-02    9.1978623073e-03    1.9314167605e-02
    1.876881e+04    6.0547016496e-01    1.4381599495e-01    1.2432151102e-01    6.5623725554e-02    3.2211165943e-02    9.2040641934e-03    1.9353373380e-02
    1.885150e+04    6.0509534404e-01    1.4335321174e-01    1.2489312322e-01    6.5884883277e-02    3.2176370546e-02    9.2042951910e-03    1.9392771979e-02
    1.893418e+04    6.0456168991e-01    1.4304314525e-01    1.2546847703e-01    6.6145053810e-02    3.2150689422e-02    9.1986409618e-03    1.9432303611e-02
    1.901686e+04    6.0387314262e-01    1.4288197081e-01    1.2604755026e-01    6.6404161294e-02    3.2134026644e-02    9.1872330337e-03    1.9471915339e-02
    1.909954e+04    6.0303459032e-01    1.4286496646e-01    1.2663029573e-01    6.6662109410e-02    3.2126230406e-02    9.1702455980e-03    1.9511562075e-02
    1.918222e+04    6.0205181310e-01    1.4298656584e-01    1.2721664302e-01    6.6918782249e-02    3.2127096452e-02    9.1478920518e-03    1.9551207286e-02
    1.926491e+04    6.0093142227e-01    1.4324041536e-01    1.2780650030e-01    6.7174045828e-02    3.2136371476e-02    9.1204213429e-03    1.9590823425e-02
    1.934759e+04    5.9968079556e-01    1.4361943514e-01    1.2839975635e-01    6.7427750194e-02    3.2153756482e-02    9.0881141767e-03    1.9630392087e-02
    1.943027e+04    5.9830800893e-01    1.4411588330e-01    1.2899628260e-01    6.7679732035e-02    3.2178910082e-02    9.0512791399e-03    1.9669903911e-02
    1.951295e+04    5.9682176526e-01    1.4472142304e-01    1.2959593521e-01    6.7929817707e-02    3.2211451759e-02    9.0102487907e-03    1.9709358228e-02
    1.959563e+04    5.9523132066e-01    1.4542719219e-01    1.3019855725e-01    6.8177826571e-02    3.2250965077e-02    8.9653757644e-03    1.9748762493e-02
    1.967832e+04    5.9354640886e-01    1.4622387455e-01    1.3080398071e-01    6.8423574565e-02    3.2297000867e-02    8.9170289367e-03    1.9788131517e-02
    1.976100e+04    5.9177716424e-01    1.4710177269e-01    1.3141202859e-01    6.8666877874e-02    3.2349080396e-02    8.8655896807e-03    1.9827486534e-02
    1.984368e+04    5.8993404395e-01    1.4805088165e-01    1.3202251684e-01    6.8907556629e-02    3.2406698542e-02    8.8114482514e-03    1.9866854138e-02
    1.992636e+04    5.8802774980e-01    1.4906096303e-01    1.3263525622e-01    6.9145438519e-02    3.2469326983e-02    8.7550003244e-03    1.9906265120e-02
    2.000904e+04    5.8606915026e-01    1.5012161907e-01    1.3325005405e-01    6.9380362247e-02    3.2536417427e-02    8.6966437093e-03    1.9945753237e-02
    2.009173e+04    5.8406920328e-01    1.5122236609e-01    1.3386671580e-01    6.9612180740e-02    3.2607404881e-02    8.6367752559e-03    1.9985353947e-02
    2.017441e+04    5.8203888019e-01    1.5235270711e-01    1.3448504656e-01    6.9840764043e-02    3.2681710985e-02    8.5757879642e-03    2.0025103148e-02
    2.025709e+04    5.7998909137e-01    1.5350220278e-01    1.3510485235e-01    7.0066001844e-02    3.2758747404e-02    8.5140683067e-03    2.0065035952e-02
    2.033977e+04    5.7793061397e-01    1.5466054060e-01    1.3572594128e-01    7.0287805605e-02    3.2837919278e-02    8.4519937644e-03    2.0105185501e-02
    2.042245e+04    5.7587402224e-01    1.5581760178e-01    1.3634812455e-01    7.0506110238e-02    3.2918628736e-02    8.3899305803e-03    2.0145581876e-02
    2.050514e+04    5.7382962079e-01    1.5696352531e-01    1.3697121728e-01    7.0720875338e-02    3.3000278446e-02    8.3282317233e-03    2.0186251107e-02
    2.058782e+04    5.7180738120e-01    1.5808876905e-01    1.3759503924e-01    7.0932085940e-02    3.3082275212e-02    8.2672350612e-03    2.0227214304e-02
    2.067050e+04    5.6981688227e-01    1.5918416729e-01    1.3821941540e-01    7.1139752815e-02    3.3164033575e-02    8.2072617344e-03    2.0268486927e-02
    2.075318e+04    5.6786725436e-01    1.6024098463e-01    1.3884417635e-01    7.1343912331e-02    3.3244979405e-02    8.1486147210e-03    2.0310078203e-02
    2.083586e+04    5.6596712795e-01    1.6125096575e-01    1.3946915868e-01    7.1544625883e-02    3.3324553454e-02    8.0915775883e-03    2.0351990695e-02
    2.091855e+04    5.6412458675e-01    1.6220638086e-01    1.4009420516e-01    7.1741978956e-02    3.3402214837e-02    8.0364134169e-03    2.0394220026e-02
